2
3 3
-2 0 2 -0.666667 0 2 0.666667 0 2 2 0 2 
-2 0 -2 -0.666667 0 -2 0.666667 0 -2 2 0 -2 
-2 2 2 -0.666667 2 2 0.666667 2 2 2 2 2 
-2 3 -2 -0.666667 3 -2 0.666667 3 -2 2 3 -2 
3 3
-2.659209 -3.79951 0.537951 -1.56065 -3.62356 1.272788 -0.46209 -3.44761 2.007626 0.859266 -2.102885 2.608419 
-1.279652 -5.67129 -2.355494 0.46209 -3.44761 -2.007626 1.56065 -3.62356 -1.272788 2.659209 -3.79951 -0.537951 
-2.147587 -1.708303 0.230135 -1.049028 -1.532353 0.964972 0.049532 -1.356403 1.69981 1.148091 -1.180453 2.434648 
-0.277271 -2.068461 -2.958575 1.229523 -1.41558 -2.46935 2.328082 -1.23963 -1.734512 3.879351 0.752678 -1.272046 